000170 000000	000000	000000	000000	000000	000000	000000	000000	000000	000000	000000	000000	000000	000000	000000	000000
000171 000000	000000	000000	000000	000000	000000	000000	000000	000000	000000	000001	000000	000000	000000	000000	000000
000172 000000	000000	000000	000000	000000	000000	000000	000001	000000	000000	000000	000000	000000	000000	000000	000000
000173 000000	000000	000000	000000	000000	000000	000000	000000	000000	000000	000000	000001	000000	000000	000000	000000
000174 000000	000000	000000	000000	000000	000000	000001	000001	000000	000000	000000	000000	000000	000000	000000	000000
000175 000000	000000	000000	000000	000000	000000	000001	000000	000000	000000	000001	000000	000000	000000	000000	000000
000176 000000	000000	000000	000000	000000	000000	000001	000000	000000	000000	000000	000000	000000	000000	000000	000000
000177 000000	000000	000000	000000	000000	000000	000000	000000	000000	000000	000000	000000	000000	000000	000000	000000
000178 000000	000000	000000	000000	000000	000000	000000	000000	000000	000000	000000	000000	000000	000000	000000	000000
000179 000000	000000	000000	000000	000000	000000	000000	000000	000000	000000	000000	000001	000000	000000	000000	000000
000180 000000	000000	000000	000000	000000	000000	000000	000000	000000	000001	000000	000000	000000	000000	000000	000000
000181 000000	000000	000000	000000	000000	000000	000001	000000	000000	000000	000000	000000	000000	000000	000000	000000
000182 000000	000000	000000	000000	000000	000000	000000	000000	000000	000000	000000	000000	000000	000000	000000	000000
000183 000000	000000	000000	000000	000000	000000	000000	000000	000000	000000	000000	000000	000000	000000	000000	000000
000184 000000	000000	000000	000000	000000	000000	000001	000000	000000	000000	000000	000000	000000	000000	000000	000000
000185 000000	000000	000000	000000	000000	000000	000000	000000	000000	000000	000000	000000	000000	000000	000000	000000
000186 000000	000000	000000	000000	000000	000000	000000	000000	000000	000000	000000	000000	000000	000000	000000	000000
000187 000000	000000	000000	000000	000000	000000	000000	000000	000000	000000	000001	000000	000000	000000	000000	000000
000188 000000	000000	000000	000000	000000	000000	000000	000000	000000	000000	000001	000000	000000	000000	000000	000000
000189 000000	000000	000000	000000	000000	000000	000000	000000	000000	000000	000000	000000	000000	000000	000000	000000
000190 000000	000000	000000	000000	000000	000000	000000	000000	000000	000000	000000	000000	000000	000000	000000	000000
000191 000000	000000	000000	000000	000000	000000	000000	000000	000000	000000	000000	000000	000000	000000	000000	000000
000192 000000	000000	000000	000000	000000	000000	000000	000000	000000	000000	000001	000000	000000	000000	000000	000000
000193 000000	000000	000000	000000	000000	000000	000000	000000	000000	000000	000000	000000	000000	000000	000000	000000
000194 000000	000000	000000	000000	000000	000000	000000	000000	000000	000000	000000	000000	000000	000000	000000	000000
000195 000000	000000	000000	000000	000000	000000	000000	000000	000000	000000	000000	000001	000000	000000	000000	000000
000196 000000	000000	000000	000000	000000	000000	000000	000000	000000	000000	000000	000000	000000	000000	000000	000000
000197 000000	000000	000000	000000	000000	000000	000000	000000	000000	000000	000000	000001	000000	000000	000000	000000
000198 000000	000000	000000	000000	000000	000000	000000	000000	000000	000000	000000	000001	000000	000000	000000	000000
000199 000000	000000	000000	000000	000000	000000	000000	000001	000000	000000	000000	000000	000000	000000	000000	000000
000200 000000	000000	000000	000000	000000	000000	000001	000000	000000	000000	000000	000000	000000	000000	000000	000000
000201 000000	000000	000000	000000	000000	000000	000000	000000	000000	000000	000001	000000	000000	000000	000000	000000
000202 000000	000000	000000	000000	000000	000000	000000	000000	000000	000000	000000	000000	000000	000000	000000	000000
000203 000000	000000	000000	000000	000000	000000	000000	000000	000000	000000	000000	000001	000000	000000	000000	000000
000204 000000	000000	000000	000000	000000	000000	000000	000000	000000	000000	000000	000000	000000	000000	000000	000000
000205 000000	000000	000000	000000	000000	000000	000000	000000	000000	000000	000000	000000	000000	000000	000000	000000
000206 000000	000000	000000	000000	000000	000000	000000	000000	000000	000000	000000	000000	000000	000000	000000	000000
000207 000000	000000	000000	000000	000000	000000	000001	000000	000000	000000	000000	000000	000000	000000	000000	000000
000208 000000	000000	000000	000000	000000	000000	000000	000000	000000	000001	000000	000000	000000	000000	000000	000000
000209 000000	000000	000000	000000	000000	000000	000000	000000	000000	000000	000000	000001	000000	000000	000000	000000
000210 000000	000000	000000	000000	000000	000000	000000	000000	000000	000001	000000	000000	000000	000000	000000	000000
000211 000000	000000	000000	000000	000000	000000	000000	000000	000000	000000	000000	000001	000000	000000	000000	000000
000212 000000	000000	000000	000000	000000	000000	000000	000000	000000	000000	000000	000000	000000	000000	000000	000000
000213 000000	000000	000000	000000	000000	000000	000000	000000	000000	000000	000000	000000	000000	000000	000000	000000
000214 000000	000000	000000	000000	000000	000000	000001	000000	000000	000000	000000	000000	000000	000000	000000	000000
000215 000000	000000	000000	000000	000000	000000	000000	000000	000000	000000	000000	000000	000000	000000	000000	000000
000216 000000	000000	000000	000000	000000	000000	000000	000000	000000	000000	000000	000001	000000	000000	000000	000000
000217 000000	000000	000000	000000	000000	000000	000000	000000	000000	000000	000000	000000	000000	000000	000000	000000
000218 000000	000000	000000	000000	000000	000000	000000	000000	000000	000000	000000	000000	000000	000000	000000	000000
000219 000000	000000	000000	000000	000000	000000	000000	000000	000000	000000	000000	000000	000000	000000	000000	000000
000220 000000	000000	000000	000000	000000	000000	000000	000000	000000	000000	000000	000000	000000	000000	000000	000000
000221 000000	000000	000000	000000	000000	000000	000000	000000	000000	000000	000000	000000	000000	000000	000000	000000
000222 000000	000000	000000	000000	000000	000000	000000	000000	000000	000000	000000	000000	000000	000000	000000	000000
000223 000000	000000	000000	000000	000000	000000	000000	000000	000000	000000	000000	000001	000000	000000	000000	000000
000224 000000	000000	000000	000000	000000	000000	000000	000000	000000	000000	000000	000002	000000	000000	000000	000000
000225 000000	000000	000000	000000	000000	000000	000000	000000	000000	000000	000000	000001	000000	000000	000000	000000
000226 000000	000000	000000	000000	000000	000000	000000	000000	000000	000000	000000	000000	000000	000000	000000	000000
000227 000000	000000	000000	000000	000000	000000	000000	000000	000000	000000	000000	000000	000000	000000	000000	000000
000228 000000	000000	000000	000000	000000	000000	000000	000000	000000	000000	000000	000000	000000	000000	000000	000000
000229 000000	000000	000000	000000	000000	000000	000000	000000	000000	000000	000000	000000	000000	000000	000000	000000
000230 000000	000000	000000	000000	000000	000000	000000	000000	000000	000000	000000	000000	000000	000000	000000	000000
000231 000000	000000	000000	000000	000000	000000	000000	000000	000000	000000	000000	000000	000000	000000	000000	000000
000232 000000	000000	000000	000000	000000	000000	000000	000000	000000	000000	000000	000000	000001	000000	000000	000000
000233 000000	000000	000000	000000	000000	000000	000000	000000	000000	000000	000000	000000	000000	000000	000000	000000
000234 000000	000000	000000	000000	000000	000000	000000	000000	000000	000000	000000	000000	000000	000000	000000	000000
000235 000000	000000	000000	000000	000000	000000	000000	000000	000000	000000	000000	000000	000000	000000	000000	000000
000236 000000	000000	000000	000000	000000	000000	000000	000000	000000	000000	000000	000001	000000	000000	000000	000000
000237 000000	000000	000000	000000	000000	000000	000000	000000	000000	000000	000000	000000	000000	000000	000000	000000
000238 000000	000000	000000	000000	000000	000000	000000	000000	000000	000000	000000	000000	000000	000000	000000	000000
000239 000000	000000	000000	000000	000000	000000	000000	000000	000000	000000	000000	000000	000000	000000	000000	000000
000240 000000	000000	000000	000000	000000	000000	000000	000000	000000	000000	000000	000000	000000	000000	000000	000000
000241 000000	000000	000000	000000	000000	000000	000000	000001	000000	000000	000000	000002	000000	000000	000000	000000
000242 000000	000000	000000	000000	000000	000000	000000	000000	000000	000000	000000	000000	000000	000000	000000	000000
000243 000000	000000	000000	000000	000000	000000	000001	000000	000000	000000	000000	000000	000000	000000	000000	000000
000244 000000	000000	000000	000000	000000	000000	000000	000000	000000	000000	000000	000000	000000	000000	000000	000000
000245 000000	000000	000000	000000	000000	000000	000000	000000	000000	000000	000000	000001	000000	000000	000000	000000
000246 000000	000000	000000	000000	000000	000000	000000	000000	000000	000000	000000	000000	000000	000000	000000	000000
000247 000000	000000	000000	000000	000000	000000	000000	000000	000000	000000	000001	000000	000000	000000	000000	000000
000248 000000	000000	000000	000000	000000	000000	000000	000001	000000	000000	000001	000001	000000	000000	000000	000000
000249 000000	000000	000000	000000	000000	000000	000000	000000	000000	000000	000000	000000	000000	000000	000000	000000
000250 000000	000000	000000	000000	000000	000000	000000	000001	000000	000000	000000	000000	000000	000000	000000	000000
000251 000000	000000	000000	000000	000000	000000	000000	000000	000000	000000	000000	000001	000000	000000	000000	000000
000252 000000	000000	000000	000000	000000	000000	000000	000000	000000	000000	000000	000001	000000	000000	000000	000000
000253 000000	000000	000000	000000	000000	000000	000000	000000	000000	000000	000000	000000	000000	000000	000000	000000
000254 000000	000000	000000	000000	000000	000000	000000	000000	000000	000000	000001	000000	000000	000000	000000	000000
000255 000000	000000	000000	000000	000000	000000	000000	000000	000000	000000	000000	000001	000000	000000	000000	000000
000256 000000	000000	000000	000000	000000	000000	000000	000000	000000	000000	000000	000000	000000	000000	000000	000000
000257 000000	000000	000000	000000	000000	000000	000000	000000	000000	000000	000000	000001	000000	000000	000000	000000
000258 000000	000000	000000	000000	000000	000000	000000	000000	000000	000000	000000	000000	000000	000000	000000	000000
000259 000000	000000	000000	000000	000000	000000	000000	000000	000000	000000	000000	000000	000000	000000	000000	000000
000260 000000	000000	000000	000000	000000	000000	000000	000000	000000	000000	000000	000000	000000	000000	000000	000000
000261 000000	000000	000000	000000	000000	000000	000000	000000	000000	000000	000000	000000	000000	000000	000000	000000
000262 000000	000000	000000	000000	000000	000000	000000	000000	000000	000000	000000	000000	000000	000000	000000	000000
000263 000000	000000	000000	000000	000000	000000	000000	000000	000000	000000	000000	000000	000000	000000	000000	000000
000264 000000	000000	000000	000000	000000	000000	000000	000000	000000	000000	000000	000000	000000	000000	000000	000000
000265 000000	000000	000000	000000	000000	000000	000000	000000	000000	000000	000000	000000	000000	000000	000000	000000
000266 000000	000000	000000	000000	000000	000000	000000	000000	000000	000000	000000	000002	000000	000000	000000	000000
000267 000000	000000	000000	000000	000000	000000	000000	000000	000000	000000	000000	000000	000000	000000	000000	000000
000268 000000	000000	000000	000000	000000	000000	000000	000000	000000	000000	000000	000000	000000	000000	000000	000000
000269 000000	000000	000000	000000	000000	000000	000000	000000	000000	000000	000000	000000	000000	000000	000000	000000
000270 000000	000000	000000	000000	000000	000000	000000	000000	000000	000000	000000	000000	000000	000000	000000	000000
000271 000000	000000	000000	000000	000000	000000	000000	000000	000000	000000	000000	000001	000000	000000	000000	000000
000272 000000	000000	000000	000000	000000	000000	000000	000000	000000	000000	000001	000000	000000	000000	000000	000000
000273 000000	000000	000000	000000	000000	000000	000000	000000	000000	000000	000000	000000	000000	000000	000000	000000
000274 000000	000000	000000	000000	000000	000000	000000	000000	000000	000000	000001	000001	000000	000000	000000	000000
000275 000000	000000	000000	000000	000000	000000	000000	000000	000000	000000	000000	000000	000000	000000	000000	000000
000276 000000	000000	000000	000000	000000	000000	000000	000000	000000	000000	000000	000000	000000	000000	000000	000000
000277 000000	000000	000000	000000	000000	000000	000000	000001	000000	000000	000000	000000	000000	000000	000000	000000
000278 000000	000000	000000	000000	000000	000000	000000	000000	000000	000000	000000	000000	000000	000000	000000	000000
000279 000000	000000	000000	000000	000000	000000	000000	000000	000000	000000	000000	000000	000000	000000	000000	000000
000280 000000	000000	000000	000000	000000	000000	000000	000001	000000	000000	000000	000000	000000	000000	000000	000000
000281 000000	000000	000000	000000	000000	000000	000000	000001	000000	000000	000000	000000	000000	000000	000000	000000
000282 000000	000000	000000	000000	000000	000000	000000	000000	000000	000000	000000	000000	000000	000000	000000	000000
000283 000000	000000	000000	000000	000000	000000	000000	000000	000000	000000	000001	000001	000000	000000	000000	000000
000284 000000	000000	000000	000000	000000	000000	000000	000000	000000	000000	000000	000000	000000	000000	000000	000000
000285 000000	000000	000000	000000	000000	000000	000000	000000	000000	000000	000000	000000	000000	000000	000000	000000
000286 000000	000000	000000	000000	000000	000000	000000	000000	000000	000000	000000	000000	000000	000000	000000	000000
000287 000000	000000	000000	000000	000000	000000	000000	000000	000000	000000	000000	000000	000000	000000	000000	000000
000288 000000	000000	000000	000000	000000	000000	000000	000001	000000	000000	000000	000000	000000	000000	000000	000000
000289 000000	000000	000000	000000	000000	000000	000000	000001	000000	000001	000000	000002	000000	000000	000000	000000
000290 000000	000000	000000	000000	000000	000000	000000	000000	000000	000000	000000	000000	000000	000000	000000	000000
000291 000000	000000	000000	000000	000000	000000	000000	000000	000000	000000	000000	000000	000000	000000	000000	000000
000292 000000	000000	000000	000000	000000	000000	000000	000000	000000	000000	000000	000000	000000	000000	000000	000000
000293 000000	000000	000000	000000	000000	000000	000000	000000	000000	000000	000001	000000	000000	000000	000000	000000
000294 000000	000000	000000	000000	000000	000000	000001	000001	000000	000000	000000	000001	000000	000000	000000	000000
000295 000000	000000	000000	000000	000000	000000	000000	000001	000000	000000	000000	000002	000000	000000	000000	000000
000296 000000	000000	000000	000000	000000	000000	000000	000001	000000	000000	000000	000000	000000	000000	000000	000000
000297 000000	000000	000000	000000	000000	000000	000000	000000	000000	000000	000000	000001	000000	000000	000000	000000
000298 000000	000000	000000	000000	000000	000000	000001	000000	000000	000000	000000	000001	000000	000000	000000	000000
000299 000000	000000	000000	000000	000000	000000	000000	000000	000000	000000	000000	000000	000000	000000	000000	000000
000300 000000	000000	000000	000000	000000	000000	000001	000000	000000	000000	000002	000000	000000	000000	000000	000000
000301 000000	000000	000000	000000	000000	000000	000000	000000	000000	000000	000000	000000	000000	000000	000000	000000
000302 000000	000000	000000	000000	000000	000000	000000	000001	000000	000000	000000	000001	000000	000000	000000	000000
000303 000000	000000	000000	000000	000000	000000	000000	000000	000000	000000	000000	000000	000000	000000	000000	000000
000304 000000	000000	000000	000000	000000	000000	000000	000000	000000	000000	000000	000000	000000	000000	000000	000000
000305 000000	000000	000000	000000	000000	000000	000000	000002	000000	000000	000000	000000	000000	000000	000000	000000
000306 000000	000000	000000	000000	000000	000000	000000	000001	000000	000000	000000	000000	000000	000000	000000	000000
000307 000000	000000	000000	000000	000000	000000	000000	000001	000000	000000	000000	000000	000000	000000	000000	000000
000308 000000	000000	000000	000000	000000	000000	000000	000000	000000	000000	000000	000000	000000	000000	000000	000000
000309 000000	000000	000000	000000	000000	000000	000000	000000	000000	000000	000000	000000	000000	000000	000000	000000
000310 000000	000000	000000	000000	000000	000000	000000	000000	000000	000000	000000	000000	000000	000000	000000	000000
000311 000000	000000	000000	000000	000000	000000	000000	000000	000000	000000	000000	000000	000000	000000	000000	000000
000312 000000	000000	000000	000000	000000	000000	000000	000000	000000	000001	000000	000000	000000	000000	000000	000000
000313 000000	000000	000000	000000	000000	000000	000000	000000	000000	000000	000000	000000	000000	000000	000000	000000
000314 000000	000000	000000	000000	000000	000000	000000	000000	000000	000000	000001	000000	000000	000000	000000	000000
000315 000000	000000	000000	000000	000000	000000	000001	000001	000000	000000	000000	000000	000000	000000	000000	000000
000316 000000	000000	000000	000000	000000	000000	000000	000000	000000	000000	000001	000000	000000	000000	000000	000000
000317 000000	000000	000000	000000	000000	000000	000000	000000	000000	000000	000001	000000	000000	000000	000000	000000
000318 000000	000000	000000	000000	000000	000000	000000	000001	000000	000000	000000	000000	000000	000000	000000	000000
000319 000000	000000	000000	000000	000000	000000	000000	000000	000000	000000	000000	000000	000000	000000	000000	000000
000320 000000	000000	000000	000000	000000	000000	000000	000000	000000	000000	000000	000000	000000	000000	000000	000000
000321 000000	000000	000000	000000	000000	000000	000001	000000	000000	000000	000000	000000	000000	000000	000000	000000
000322 000000	000000	000000	000000	000000	000000	000000	000000	000000	000000	000000	000000	000000	000000	000000	000000
000323 000000	000000	000000	000000	000000	000000	000000	000001	000000	000000	000000	000001	000000	000000	000000	000000
000324 000000	000000	000000	000000	000000	000000	000001	000000	000000	000000	000000	000000	000000	000000	000000	000000
000325 000000	000000	000000	000000	000000	000000	000001	000001	000000	000000	000000	000000	000000	000000	000000	000000
000326 000000	000000	000000	000000	000000	000000	000000	000001	000000	000000	000000	000000	000000	000000	000000	000000
000327 000000	000000	000000	000000	000000	000000	000000	000000	000000	000000	000000	000000	000000	000000	000000	000000
000328 000000	000000	000000	000000	000000	000000	000000	000001	000000	000000	000000	000000	000000	000000	000000	000000
000329 000000	000000	000000	000000	000000	000000	000000	000000	000000	000000	000000	000000	000000	000000	000000	000000
000330 000000	000000	000000	000000	000000	000000	000000	000000	000000	000000	000001	000000	000000	000000	000000	000000
000331 000000	000000	000000	000000	000000	000000	000000	000000	000000	000000	000000	000000	000000	000000	000000	000000
000332 000000	000000	000000	000000	000000	000000	000001	000000	000000	000000	000000	000000	000000	000000	000000	000000
000333 000000	000000	000000	000000	000000	000000	000000	000000	000000	000000	000000	000000	000000	000000	000000	000000
000334 000000	000000	000000	000000	000000	000000	000000	000000	000000	000000	000000	000000	000000	000000	000000	000000
000335 000000	000000	000000	000000	000000	000000	000000	000000	000000	000000	000000	000000	000000	000000	000000	000000
000336 000000	000000	000000	000000	000000	000000	000000	000000	000000	000000	000000	000000	000000	000000	000000	000000
000337 000000	000000	000000	000000	000000	000000	000000	000000	000000	000000	000000	000000	000000	000000	000000	000000
000338 000000	000000	000000	000000	000000	000000	000000	000000	000000	000000	000000	000000	000000	000000	000000	000000
000339 000000	000000	000000	000000	000000	000000	000000	000001	000000	000000	000002	000000	000000	000000	000000	000000
000340 000000	000000	000000	000000	000000	000000	000000	000000	000000	000000	000000	000000	000000	000000	000000	000000
000341 000000	000000	000000	000000	000000	000000	000000	000000	000000	000000	000000	000000	000000	000000	000000	000000
000342 000000	000000	000000	000000	000000	000000	000000	000000	000000	000000	000000	000000	000000	000000	000000	000000
000343 000000	000000	000000	000000	000000	000000	000000	000000	000000	000000	000000	000001	000000	000000	000000	000000
000344 000000	000000	000000	000000	000000	000000	000000	000000	000000	000000	000000	000000	000000	000000	000000	000000
000345 000000	000000	000000	000000	000000	000000	000001	000001	000000	000000	000000	000000	000000	000000	000000	000000
000346 000000	000000	000000	000000	000000	000000	000000	000000	000000	000000	000000	000000	000000	000000	000000	000000
000347 000000	000000	000000	000000	000000	000000	000000	000000	000000	000000	000000	000000	000000	000000	000000	000000
000348 000000	000000	000000	000000	000000	000000	000000	000000	000000	000000	000000	000000	000000	000000	000000	000000
000349 000000	000001	000000	000000	000000	000000	000000	000000	000000	000001	000000	000001	000000	000000	000000	000000
000350 000000	000000	000000	000000	000000	000000	000000	000000	000000	000000	000000	000000	000000	000000	000000	000000
000351 000000	000000	000000	000000	000000	000000	000000	000001	000000	000000	000000	000000	000000	000000	000000	000000
000352 000000	000000	000000	000000	000000	000000	000000	000000	000000	000000	000000	000000	000000	000000	000000	000000
000353 000000	000000	000000	000000	000000	000000	000000	000000	000000	000000	000000	000001	000000	000000	000000	000000
000354 000000	000000	000000	000000	000000	000000	000000	000000	000000	000000	000000	000000	000000	000000	000000	000000
000355 000000	000000	000000	000000	000000	000000	000000	000000	000000	000000	000000	000000	000000	000000	000000	000000
000356 000000	000000	000000	000000	000000	000000	000000	000000	000000	000000	000000	000000	000000	000000	000000	000000
000357 000000	000000	000000	000000	000000	000000	000000	000000	000000	000000	000000	000000	000000	000000	000000	000000
000358 000000	000000	000000	000000	000000	000000	000000	000000	000000	000000	000000	000000	000000	000000	000000	000000
000359 000000	000000	000000	000000	000000	000000	000000	000000	000000	000000	000000	000000	000000	000000	000000	000000
000360 000000	000000	000000	000000	000000	000000	000000	000000	000000	000000	000000	000000	000000	000000	000000	000000
000361 000000	000000	000000	000000	000000	000000	000001	000000	000000	000000	000000	000000	000000	000000	000000	000000
000362 000000	000000	000000	000000	000000	000000	000000	000000	000000	000000	000000	000000	000000	000000	000000	000000
000363 000000	000000	000000	000000	000000	000000	000000	000001	000000	000000	000000	000000	000000	000000	000000	000000
000364 000000	000000	000000	000000	000000	000000	000000	000000	000000	000000	000000	000000	000000	000000	000000	000000
000365 000000	000000	000000	000000	000000	000000	000000	000000	000000	000000	000000	000000	000000	000000	000000	000000
000366 000000	000000	000000	000000	000000	000000	000000	000000	000000	000000	000000	000000	000000	000000	000000	000000
000367 000000	000000	000000	000000	000000	000000	000001	000000	000000	000000	000000	000000	000000	000000	000000	000000
000368 000000	000000	000000	000000	000000	000000	000000	000000	000000	000000	000000	000000	000000	000000	000000	000000
000369 000000	000000	000000	000000	000000	000000	000000	000000	000000	000000	000000	000000	000000	000000	000000	000000
000370 000000	000000	000000	000000	000000	000000	000000	000000	000000	000000	000000	000000	000000	000000	000000	000000
000371 000000	000000	000000	000000	000000	000000	000000	000000	000000	000000	000000	000000	000000	000000	000000	000000
000372 000000	000000	000000	000000	000000	000000	000000	000000	000000	000000	000000	000000	000000	000000	000000	000000
000373 000000	000000	000000	000000	000000	000000	000000	000000	000000	000000	000000	000000	000000	000000	000000	000000
000374 000000	000000	000000	000000	000000	000000	000000	000000	000000	000000	000000	000000	000000	000000	000000	000000
000375 000000	000000	000000	000000	000000	000000	000000	000000	000000	000000	000000	000000	000000	000000	000000	000000
000376 000000	000000	000000	000000	000000	000000	000000	000000	000000	000000	000000	000000	000000	000000	000000	000000
000377 000000	000000	000000	000000	000000	000000	000000	000001	000000	000000	000000	000001	000000	000000	000000	000000
000378 000000	000000	000000	000000	000000	000000	000000	000001	000000	000000	000000	000000	000000	000000	000000	000000
000379 000000	000000	000000	000000	000000	000000	000000	000000	000000	000000	000000	000001	000000	000000	000000	000000
000380 000000	000000	000000	000000	000000	000000	000000	000000	000000	000000	000000	000000	000000	000000	000000	000000
000381 000000	000000	000000	000000	000000	000000	000001	000000	000000	000000	000000	000000	000000	000000	000000	000000
000382 000000	000000	000000	000000	000000	000000	000000	000000	000000	000000	000000	000000	000000	000000	000000	000000
000383 000000	000000	000000	000000	000000	000000	000000	000000	000000	000000	000000	000000	000000	000000	000000	000000
000384 000000	000000	000000	000000	000000	000000	000001	000001	000000	000000	000000	000000	000000	000000	000000	000000
000385 000000	000000	000000	000000	000000	000000	000000	000000	000000	000000	000000	000000	000000	000000	000000	000000
000386 000000	000000	000000	000000	000000	000000	000001	000001	000000	000000	000000	000000	000000	000000	000000	000000
000387 000000	000000	000000	000000	000000	000000	000000	000000	000000	000000	000000	000001	000000	000000	000000	000000
000388 000000	000000	000000	000000	000000	000000	000001	000000	000000	000000	000000	000000	000000	000000	000000	000000
000389 000000	000000	000000	000000	000000	000000	000001	000000	000000	000000	000000	000000	000000	000000	000000	000000
000390 000000	000000	000000	000000	000000	000000	000000	000000	000000	000000	000001	000000	000000	000000	000000	000000
000391 000000	000000	000000	000000	000000	000000	000000	000000	000000	000000	000000	000000	000000	000000	000000	000000
000392 000000	000000	000000	000000	000000	000000	000000	000000	000000	000000	000000	000000	000000	000000	000000	000000
000393 000000	000000	000000	000000	000000	000000	000000	000001	000000	000000	000001	000000	000000	000000	000000	000000
000394 000000	000000	000000	000000	000000	000000	000000	000000	000000	000000	000000	000000	000000	000000	000000	000000
000395 000000	000000	000000	000000	000000	000000	000000	000000	000000	000000	000000	000001	000000	000000	000000	000000
000396 000000	000000	000000	000000	000000	000000	000000	000000	000000	000000	000000	000000	000000	000000	000000	000000
000397 000000	000000	000000	000000	000000	000000	000000	000000	000000	000000	000000	000000	000000	000000	000000	000000
000398 000000	000000	000000	000000	000000	000000	000000	000000	000000	000000	000000	000000	000000	000000	000000	000000
000399 000000	000000	000000	000000	000000	000000	000000	000000	000000	000000	000000	000000	000000	000000	000000	000000
# Total: 000100000 000099999 000099994 000099985 000099995 000099996 000099967 000099954 000099980 000099921 000099961 000099921 000099928 000099972 000099933 000099962
# Min Latencies: 00002 00002 00002 00002 00002 00002 00002 00002 00002 00002 00002 00002 00002 00002 00002 00002
# Avg Latencies: 00003 00004 00002 00003 00003 00003 00004 00004 00003 00003 00003 00004 00003 00002 00003 00002
# Max Latencies: 00069 01955 02602 02921 04149 00065 06170 00582 01220 05741 02438 02893 04075 00064 03439 02117
# Histogram Overflows: 00000 00001 00006 00009 00001 00000 00019 00036 00004 00024 00018 00049 00023 00000 00022 00002
# Histogram Overflow at cycle number:
# Thread 0:
# Thread 1: 02033
# Thread 2: 01184 02654 27567 28185 52656 56359
# Thread 3: 07189 26640 53676 54600 55004 55321 55822 56025 67804
# Thread 4: 96598
# Thread 5:
# Thread 6: 54480 54483 54486 54489 54492 54499 54502 54505 54508 54511 54514 54551 54557 58274 66773 68513 85819 96237 98102
# Thread 7: 54411 54413 54416 54419 54422 54426 54429 54430 54433 54437 54440 54443 54446 54449 54452 54455 54458 54461 54464 54467 54470 54473 54512 54515 54518 54520 54521 54524 54527 54530 54533 54536 54539 54542 54557 54558
# Thread 8: 70563 70964 71785 72294
# Thread 9: 04153 04631 04762 05360 06142 06556 06643 07755 08354 08955 16771 19024 20454 22297 22605 22710 23612 24444 25472 36533 56901 66356 72876 87001
# Thread 10: 54301 54307 54310 54313 54316 54319 54322 54325 54328 54331 54334 54337 54340 54343 54346 54349 54352 82628
# Thread 11: 09568 10167 10766 24151 26161 54225 54226 54228 54229 54231 54232 54235 54236 54238 54239 54243 54246 54247 54249 54250 54253 54255 54256 54258 54260 54267 54270 54275 54278 54281 54284 54287 54345 54348 54351 54354 54357 54360 54363 54366 54369 54372 54375 54376 54378 54379 54382 54384 54387
# Thread 12: 01754 02649 02853 03551 03569 04488 05001 05800 23234 27329 28340 36205 39498 41035 42887 43090 43286 52298 52861 53223 53370 55543 55551
# Thread 13:
# Thread 14: 01993 06218 06335 17901 18616 19333 20255 20771 21179 27833 36946 37354 38591 39267 39721 40528 51689 52609 56319 83938 84655 99586
# Thread 15: 00543 54150

edwin@edwin-ROG-Strix-G513RM-G513RM:~/Desktop$ 








edwin@edwin-ROG-Strix-G513RM-G513RM:~/Desktop$ stress-ng --cpu 4 --io 2 --vm 1 --vm-bytes 1G --timeout 60s
stress-ng: info:  [19764] setting to a 1 min, 0 secs run per stressor
stress-ng: info:  [19764] dispatching hogs: 4 cpu, 2 io, 1 vm
stress-ng: info:  [19769] io: this is a legacy I/O sync stressor, consider using iomix instead
stress-ng: info:  [19764] skipped: 0
stress-ng: info:  [19764] passed: 7: cpu (4) io (2) vm (1)
stress-ng: info:  [19764] failed: 0
stress-ng: info:  [19764] metrics untrustworthy: 0
stress-ng: info:  [19764] successful run completed in 1 min, 0.39 secs

