[ROS2] ~/Desktop$ stress-ng --cpu 4 --io 2 --vm 1 --vm-bytes 1G --timeout 60s

stress-ng: info:  [3272] dispatching hogs: 4 cpu, 2 io, 1 vm

stress-ng: info:  [3272] successful run completed in 60.45s (1 min, 0.45 secs)





[ROS2] ~/Desktop$ sudo cyclictest -l100000 -m -Sp90 -i1000 -h400 -q

[sudo] password for ecn: 

# /dev/cpu_dma_latency set to 0us

# Histogram

000000 000000 000000 000000 000000

000001 000000 000000 000000 000000

000002 000000 000000 000000 000000

000003 000000 000000 000000 000000

000004 000000 000000 000000 000000

000005 000000 000000 000000 000000

000006 000000 000000 000000 000000

000007 000000 000000 000000 000000

000008 000000 000000 000000 000000

000009 000000 000000 000000 000000

000010 000000 000000 000000 000000

000011 000000 000000 000000 000000

000012 000000 000000 000000 000000

000013 000000 000000 000000 000000

000014 000000 000000 000000 000000

000015 000000 000000 000000 000000

000016 000000 000000 000000 000000

000017 000000 000000 000000 000000

000018 000000 000000 000000 000000

000019 000000 000000 000000 000000

000020 000000 000000 000000 000000

000021 000000 000000 000000 000000

000022 000000 000000 000000 000000

000023 000000 000000 000000 000000

000024 000000 000000 000000 000000

000025 000000 000000 000000 000000

000026 000000 000000 000000 000000

000027 000000 000000 000000 000000

000028 000000 000000 000000 000000

000029 000000 000000 000000 000000

000030 000000 000000 000000 000000

000031 000000 000000 000000 000000

000032 000000 000000 000000 000000

000033 000000 000000 000000 000000

000034 000000 000000 000000 000000

000035 000000 000000 000000 000000

000036 000000 000000 000000 000000

000037 000000 000000 000000 000000

000038 000000 000000 000000 000000

000039 000000 000000 000000 000000

000040 000000 000001 000000 000001

000041 000000 000000 000000 000003

000042 000000 000000 000000 000001

000043 000000 000001 000002 000003

000044 000001 000002 000000 000002

000045 000001 000002 000003 000004

000046 000002 000001 000002 000004

000047 000000 000000 000002 000003

000048 000004 000000 000000 000005

000049 000000 000000 000002 000005

000050 000003 000003 000003 000007

000051 000004 000002 000002 000004

000052 000001 000007 000003 000005

000053 000002 000001 000003 000006

000054 000003 000005 000002 000008

000055 000003 000002 000006 000008

000056 000003 000005 000003 000001

000057 000004 000004 000003 000005

000058 000002 000004 000004 000005

000059 000004 000006 000010 000010

000060 000005 000004 000005 000014

000061 000006 000006 000002 000014

000062 000007 000004 000007 000008

000063 000010 000007 000001 000013

000064 000004 000005 000006 000010

000065 000002 000010 000007 000011

000066 000004 000008 000007 000008

000067 000004 000007 000006 000007

000068 000010 000004 000007 000011

000069 000006 000006 000013 000012

000070 000007 000009 000010 000013

000071 000007 000013 000014 000014

000072 000004 000004 000009 000012

000073 000009 000009 000007 000013

000074 000010 000012 000011 000011

000075 000005 000007 000008 000012

000076 000007 000013 000011 000009

000077 000007 000008 000011 000009

000078 000008 000004 000012 000016

000079 000005 000004 000010 000014

000080 000006 000006 000012 000015

000081 000010 000008 000017 000014

000082 000009 000012 000005 000024

000083 000011 000013 000012 000026

000084 000008 000013 000017 000019

000085 000011 000012 000014 000017

000086 000008 000011 000016 000020

000087 000011 000010 000018 000021

000088 000010 000010 000021 000017

000089 000009 000011 000019 000015

000090 000011 000013 000020 000025

000091 000014 000015 000030 000038

000092 000021 000017 000023 000037

000093 000017 000012 000015 000042

000094 000017 000020 000016 000040

000095 000013 000019 000015 000030

000096 000022 000024 000030 000048

000097 000024 000015 000026 000051

000098 000015 000023 000022 000041

000099 000023 000015 000018 000036

000100 000017 000025 000025 000053

000101 000024 000017 000027 000054

000102 000028 000017 000027 000034

000103 000016 000020 000037 000051

000104 000026 000018 000035 000044

000105 000024 000030 000037 000060

000106 000023 000017 000032 000057

000107 000027 000029 000028 000049

000108 000019 000022 000030 000056

000109 000036 000022 000034 000058

000110 000026 000021 000047 000049

000111 000035 000026 000028 000062

000112 000034 000027 000041 000067

000113 000034 000025 000037 000057

000114 000028 000019 000036 000066

000115 000030 000033 000036 000086

000116 000031 000034 000047 000074

000117 000049 000035 000045 000063

000118 000032 000039 000030 000081

000119 000033 000028 000048 000048

000120 000022 000035 000048 000076

000121 000032 000038 000051 000091

000122 000037 000039 000051 000086

000123 000031 000038 000056 000080

000124 000041 000038 000040 000092

000125 000036 000032 000060 000072

000126 000049 000044 000053 000073

000127 000042 000039 000044 000075

000128 000046 000032 000056 000080

000129 000050 000054 000049 000080

000130 000049 000041 000047 000087

000131 000049 000040 000063 000092

000132 000046 000045 000060 000108

000133 000044 000050 000050 000096

000134 000047 000054 000053 000074

000135 000045 000053 000047 000097

000136 000047 000055 000054 000121

000137 000050 000047 000059 000103

000138 000040 000051 000043 000125

000139 000051 000048 000057 000110

000140 000044 000053 000052 000076

000141 000069 000068 000058 000107

000142 000047 000046 000057 000109

000143 000062 000052 000061 000124

000144 000083 000057 000061 000095

000145 000054 000056 000067 000102

000146 000053 000075 000073 000111

000147 000055 000057 000053 000101

000148 000056 000058 000061 000095

000149 000048 000073 000068 000114

000150 000060 000073 000071 000105

000151 000066 000064 000070 000112

000152 000061 000058 000072 000105

000153 000073 000071 000068 000107

000154 000082 000078 000075 000108

000155 000063 000073 000088 000101

000156 000059 000068 000065 000115

000157 000055 000083 000070 000094

000158 000078 000086 000086 000112

000159 000072 000077 000080 000096

000160 000073 000062 000076 000131

000161 000059 000072 000078 000134

000162 000072 000067 000062 000118

000163 000069 000074 000083 000122

000164 000076 000082 000083 000123

000165 000073 000071 000077 000130

000166 000061 000081 000094 000144

000167 000075 000070 000084 000156

000168 000085 000076 000087 000128

000169 000066 000064 000096 000136

000170 000066 000091 000095 000131

000171 000071 000104 000097 000127

000172 000070 000089 000081 000146

000173 000080 000076 000076 000133

000174 000084 000102 000085 000131

000175 000085 000076 000081 000165

000176 000092 000106 000104 000142

000177 000087 000105 000080 000137

000178 000096 000106 000078 000124

000179 000084 000101 000118 000142

000180 000075 000091 000094 000133

000181 000091 000104 000109 000149

000182 000083 000097 000089 000159

000183 000074 000105 000088 000143

000184 000073 000110 000099 000141

000185 000083 000103 000098 000149

000186 000082 000103 000092 000140

000187 000094 000100 000094 000142

000188 000098 000102 000089 000140

000189 000098 000107 000086 000182

000190 000090 000094 000104 000151

000191 000101 000104 000096 000146

000192 000094 000092 000099 000150

000193 000095 000105 000108 000170

000194 000093 000109 000114 000157

000195 000095 000106 000102 000140

000196 000090 000129 000103 000144

000197 000104 000095 000089 000155

000198 000083 000129 000112 000154

000199 000105 000101 000090 000166

000200 000099 000108 000101 000152

000201 000108 000125 000118 000143

000202 000109 000105 000112 000150

000203 000109 000093 000111 000135

000204 000099 000115 000126 000144

000205 000091 000111 000107 000175

000206 000106 000116 000113 000143

000207 000122 000111 000125 000137

000208 000102 000127 000128 000135

000209 000091 000126 000099 000158

000210 000101 000102 000094 000157

000211 000115 000116 000115 000154

000212 000098 000111 000113 000153

000213 000111 000107 000120 000149

000214 000130 000121 000111 000176

000215 000101 000110 000127 000164

000216 000100 000134 000106 000124

000217 000093 000132 000096 000143

000218 000107 000119 000114 000164

000219 000114 000095 000111 000151

000220 000104 000137 000123 000131

000221 000103 000120 000121 000160

000222 000092 000115 000118 000142

000223 000116 000132 000107 000161

000224 000107 000130 000118 000144

000225 000121 000107 000105 000145

000226 000117 000125 000111 000155

000227 000119 000123 000102 000160

000228 000104 000110 000124 000153

000229 000113 000129 000113 000147

000230 000119 000112 000108 000163

000231 000117 000133 000131 000142

000232 000105 000109 000117 000139

000233 000109 000118 000121 000151

000234 000129 000108 000109 000164

000235 000141 000103 000101 000154

000236 000098 000133 000127 000144

000237 000120 000131 000115 000139

000238 000123 000124 000121 000161

000239 000123 000097 000125 000160

000240 000120 000120 000100 000137

000241 000114 000106 000118 000147

000242 000114 000118 000116 000127

000243 000115 000129 000117 000146

000244 000122 000118 000107 000142

000245 000125 000134 000118 000140

000246 000125 000124 000124 000155

000247 000125 000124 000114 000138

000248 000122 000122 000129 000137

000249 000108 000122 000123 000150

000250 000122 000112 000123 000137

000251 000102 000153 000108 000126

000252 000113 000147 000119 000124

000253 000117 000116 000132 000136

000254 000127 000125 000132 000138

000255 000126 000132 000108 000142

000256 000114 000154 000122 000139

000257 000105 000129 000101 000141

000258 000136 000128 000123 000165

000259 000118 000114 000107 000150

000260 000129 000138 000121 000181

000261 000126 000125 000136 000145

000262 000121 000132 000122 000139

000263 000138 000158 000119 000146

000264 000135 000118 000139 000128

000265 000143 000147 000128 000133

000266 000118 000103 000119 000130

000267 000092 000108 000130 000144

000268 000125 000136 000120 000130

000269 000115 000126 000128 000157

000270 000121 000112 000130 000129

000271 000116 000110 000125 000142

000272 000132 000117 000134 000145

000273 000129 000121 000124 000148

000274 000110 000119 000134 000158

000275 000166 000119 000122 000157

000276 000130 000136 000128 000130

000277 000132 000119 000135 000120

000278 000108 000119 000115 000142

000279 000131 000126 000132 000128

000280 000135 000126 000127 000147

000281 000152 000138 000151 000143

000282 000124 000109 000119 000134

000283 000106 000128 000127 000139

000284 000122 000106 000121 000133

000285 000131 000134 000128 000143

000286 000116 000120 000113 000149

000287 000111 000107 000111 000146

000288 000137 000120 000110 000129

000289 000129 000121 000114 000136

000290 000131 000115 000116 000135

000291 000109 000112 000116 000119

000292 000144 000122 000150 000146

000293 000135 000121 000123 000104

000294 000112 000118 000122 000130

000295 000136 000126 000107 000107

000296 000140 000122 000128 000131

000297 000123 000132 000121 000129

000298 000111 000119 000107 000113

000299 000142 000121 000130 000114

000300 000129 000137 000134 000124

000301 000120 000111 000127 000130

000302 000122 000117 000123 000126

000303 000157 000120 000128 000093

000304 000130 000099 000118 000143

000305 000133 000133 000124 000140

000306 000119 000096 000136 000127

000307 000128 000117 000136 000126

000308 000117 000127 000136 000120

000309 000138 000108 000134 000126

000310 000137 000107 000107 000130

000311 000135 000110 000126 000128

000312 000125 000113 000113 000102

000313 000133 000118 000131 000135

000314 000133 000090 000123 000113

000315 000129 000109 000124 000113

000316 000110 000112 000120 000134

000317 000134 000116 000122 000110

000318 000106 000129 000117 000113

000319 000120 000114 000127 000124

000320 000122 000122 000129 000110

000321 000128 000119 000111 000122

000322 000114 000116 000113 000121

000323 000130 000119 000119 000127

000324 000137 000115 000119 000122

000325 000139 000116 000126 000124

000326 000122 000088 000096 000131

000327 000120 000107 000115 000120

000328 000114 000109 000118 000109

000329 000131 000120 000127 000121

000330 000120 000133 000115 000126

000331 000129 000109 000126 000142

000332 000135 000111 000115 000108

000333 000131 000123 000108 000108

000334 000107 000131 000103 000109

000335 000119 000123 000112 000095

000336 000123 000131 000149 000120

000337 000124 000113 000125 000138

000338 000129 000113 000114 000092

000339 000120 000110 000129 000118

000340 000142 000115 000116 000105

000341 000119 000103 000125 000127

000342 000121 000120 000121 000125

000343 000130 000133 000096 000120

000344 000114 000113 000088 000114

000345 000110 000105 000107 000136

000346 000124 000135 000109 000108

000347 000119 000125 000116 000084

000348 000123 000102 000100 000093

000349 000116 000096 000118 000119

000350 000124 000121 000098 000114

000351 000101 000106 000125 000118

000352 000125 000107 000121 000106

000353 000106 000122 000123 000107

000354 000124 000118 000127 000113

000355 000122 000106 000118 000109

000356 000095 000118 000118 000110

000357 000129 000099 000121 000113

000358 000126 000093 000108 000113

000359 000120 000108 000120 000096

000360 000110 000117 000119 000117

000361 000098 000091 000120 000108

000362 000117 000110 000117 000099

000363 000104 000091 000140 000105

000364 000120 000105 000131 000102

000365 000116 000110 000124 000093

000366 000120 000111 000100 000103

000367 000114 000101 000098 000117

000368 000134 000118 000113 000096

000369 000111 000102 000098 000102

000370 000104 000103 000094 000107

000371 000114 000086 000112 000100

000372 000116 000107 000106 000113

000373 000105 000100 000098 000115

000374 000091 000113 000104 000086

000375 000097 000095 000102 000100

000376 000121 000103 000096 000085

000377 000122 000110 000128 000092

000378 000113 000103 000103 000125

000379 000125 000111 000122 000091

000380 000114 000099 000106 000084

000381 000089 000104 000108 000099

000382 000099 000118 000106 000084

000383 000103 000099 000132 000082

000384 000106 000114 000107 000098

000385 000125 000099 000107 000077

000386 000112 000099 000110 000098

000387 000118 000113 000100 000100

000388 000120 000102 000139 000087

000389 000124 000083 000117 000093

000390 000114 000093 000096 000085

000391 000124 000107 000118 000091

000392 000131 000116 000102 000099

000393 000094 000094 000110 000130

000394 000108 000109 000095 000101

000395 000103 000084 000113 000077

000396 000093 000101 000094 000099

000397 000127 000112 000114 000095

000398 000103 000115 000074 000099

000399 000121 000088 000113 000076

# Total: 000030163 000030038 000030777 000036942

# Min Latencies: 00044 00040 00043 00040

# Avg Latencies: 00724 00723 00715 00679

# Max Latencies: 36624 36819 59864 40608

# Histogram Overflows: 68282 68796 68341 63058

# Histogram Overflow at cycle number:

# Thread 0: 00000 00001 00003 00005 00006 00008 00010 00011 00013 00015 00021 00024 00026 00028 00029 00031 00033 00034 00036 00037 00038 00039 00040 00042 00044 00045 00047 00048 00049 00050 00051 00054 00056 00057 00058 00059 00060 00062 00063 00064 00066 00067 00068 00069 00070 00071 00072 00074 00075 00077 00078 00079 00081 00083 00084 00085 00087 00089 00090 00091 00093 00096 00097 00098 00099 00100 00101 00103 00104 00105 00107 00109 00110 00112 00113 00114 00116 00117 00118 00119 00121 00123 00124 00125 00126 00128 00130 00132 00134 00136 00138 00140 00142 00143 00144 00147 00151 00152 00153 00154 00156 00157 00160 00162 00163 00164 00165 00167 00168 00170 00172 00173 00174 00176 00177 00178 00179 00181 00183 00184 00186 00187 00188 00189 00191 00192 00194 00195 00196 00197 00198 00199 00200 00201 00202 00203 00204 00206 00207 00208 00209 00210 00211 00213 00214 00215 00216 00217 00218 00220 00222 00223 00224 00226 00227 00228 00229 00231 00233 00234 00235 00236 00237 00239 00240 00241 00242 00244 00246 00247 00248 00249 00251 00252 00253 00254 00255 00257 00258 00259 00260 00262 00263 00265 00268 00269 00271 00272 00273 00274 00276 00278 00279 00281 00283 00284 00285 00286 00288 00289 00291 00292 00294 00295 00296 00297 00299 00301 00303 00305 00310 00311 00312 00313 00315 00316 00318 00320 00322 00323 00325 00327 00329 00331 00332 00334 00336 00337 00338 00339 00340 00341 00342 00343 00344 00346 00347 00349 00356 00358 00359 00361 00363 00364 00365 00367 00369 00370 00371 00372 00373 00374 00376 00377 00379 00380 00382 00384 00385 00386 00388 00389 00390 00392 00393 00394 00396 00398 00400 00401 00403 00404 00406 00407 00408 00409 00411 00412 00413 00415 00416 00417 00418 00419 00422 00424 00426 00428 00429 00433 00434 00435 00436 00438 00440 00441 00442 00443 00446 00448 00450 00451 00452 00453 00454 00455 00456 00457 00458 00459 00460 00461 00462 00464 00465 00466 00467 00469 00470 00474 00476 00477 00479 00481 00482 00483 00484 00485 00487 00489 00491 00493 00495 00496 00497 00498 00500 00501 00503 00504 00506 00507 00508 00509 00510 00512 00513 00515 00516 00517 00518 00519 00522 00528 00531 00532 00533 00535 00536 00537 00538 00539 00540 00542 00543 00545 00546 00547 00549 00554 00555 00556 00558 00560 00561 00562 00563 00564 00566 00567 00571 00572 00573 00575 00577 00582 00584 00586 00587 00588 00589 00590 00593 00594 00597 00598 00603 00605 00607 00609 # 67882 others

# Thread 1: 00000 00001 00004 00006 00008 00010 00011 00013 00015 00016 00018 00020 00022 00024 00026 00029 00031 00033 00034 00036 00038 00042 00043 00045 00046 00048 00050 00051 00053 00054 00055 00056 00057 00060 00062 00063 00064 00066 00068 00070 00071 00073 00074 00075 00077 00078 00080 00081 00083 00084 00086 00087 00088 00090 00092 00093 00094 00096 00098 00099 00102 00105 00106 00107 00108 00109 00110 00111 00113 00114 00115 00117 00119 00120 00122 00123 00124 00126 00127 00128 00130 00132 00134 00135 00136 00137 00138 00140 00142 00144 00146 00148 00150 00152 00154 00156 00159 00160 00162 00163 00164 00165 00168 00171 00173 00174 00175 00177 00179 00181 00183 00185 00186 00187 00189 00190 00192 00193 00195 00197 00198 00200 00201 00202 00203 00205 00207 00209 00210 00211 00212 00214 00216 00217 00218 00220 00221 00223 00224 00225 00226 00227 00228 00231 00232 00233 00235 00236 00238 00240 00241 00244 00245 00246 00247 00249 00251 00253 00255 00256 00257 00258 00259 00260 00262 00263 00264 00265 00267 00269 00270 00271 00272 00273 00275 00276 00278 00279 00281 00282 00287 00288 00290 00291 00292 00293 00295 00297 00299 00300 00302 00304 00305 00307 00309 00310 00312 00314 00315 00316 00317 00318 00320 00322 00323 00324 00326 00327 00328 00330 00331 00332 00333 00334 00335 00336 00338 00339 00341 00343 00345 00346 00348 00349 00351 00353 00355 00356 00358 00360 00361 00362 00363 00364 00365 00366 00367 00368 00369 00371 00373 00380 00382 00383 00385 00386 00387 00388 00390 00392 00394 00395 00396 00397 00398 00399 00401 00402 00404 00405 00407 00409 00411 00412 00414 00416 00418 00419 00420 00422 00424 00425 00426 00427 00429 00433 00434 00437 00438 00439 00441 00442 00443 00444 00445 00448 00450 00452 00454 00455 00459 00460 00462 00464 00466 00468 00469 00471 00474 00476 00478 00480 00481 00482 00484 00485 00486 00487 00488 00489 00490 00492 00493 00495 00497 00499 00500 00504 00506 00507 00509 00510 00512 00513 00514 00515 00516 00518 00519 00521 00522 00523 00524 00525 00526 00530 00532 00533 00535 00536 00537 00538 00539 00541 00542 00544 00545 00546 00547 00549 00558 00561 00562 00563 00565 00566 00567 00568 00569 00570 00572 00573 00574 00575 00577 00578 00579 00580 00581 00584 00585 00586 00588 00590 00591 00592 00593 00594 00596 00597 00598 00600 00601 00602 00604 00606 00607 00608 00609 00611 00613 00615 00616 00617 00618 00619 00620 00622 00623 00625 # 68396 others

# Thread 2: 00001 00002 00004 00006 00007 00009 00012 00013 00015 00017 00019 00021 00023 00026 00028 00030 00031 00034 00037 00041 00042 00043 00044 00045 00047 00049 00050 00052 00053 00054 00055 00056 00057 00060 00062 00063 00064 00066 00068 00070 00071 00073 00074 00075 00076 00078 00079 00080 00082 00083 00085 00086 00087 00088 00089 00091 00092 00093 00095 00097 00098 00099 00101 00104 00105 00106 00107 00108 00109 00110 00111 00113 00114 00115 00117 00119 00120 00122 00123 00124 00126 00127 00129 00130 00132 00134 00136 00137 00138 00140 00142 00144 00146 00148 00150 00152 00154 00159 00162 00163 00164 00165 00167 00168 00171 00173 00174 00175 00177 00178 00180 00183 00184 00185 00187 00188 00189 00191 00193 00195 00196 00198 00199 00200 00201 00203 00204 00206 00207 00208 00209 00210 00211 00212 00213 00214 00216 00217 00219 00220 00221 00222 00223 00224 00226 00227 00228 00229 00230 00231 00233 00235 00236 00237 00240 00241 00242 00244 00246 00247 00248 00249 00250 00252 00253 00254 00255 00257 00258 00259 00260 00261 00263 00264 00265 00266 00267 00269 00270 00271 00272 00274 00275 00277 00278 00280 00281 00283 00284 00286 00287 00289 00290 00291 00292 00294 00296 00297 00298 00299 00300 00301 00302 00303 00304 00305 00306 00307 00308 00309 00311 00313 00315 00316 00317 00318 00319 00320 00322 00323 00324 00325 00327 00328 00330 00332 00334 00335 00337 00338 00340 00345 00346 00348 00350 00351 00352 00353 00354 00355 00356 00357 00359 00361 00363 00365 00372 00374 00375 00377 00379 00380 00382 00384 00386 00388 00390 00392 00393 00395 00396 00399 00400 00402 00404 00406 00407 00409 00411 00413 00414 00416 00418 00420 00421 00422 00423 00425 00426 00429 00430 00433 00434 00435 00437 00438 00439 00441 00445 00447 00449 00451 00456 00457 00458 00459 00461 00463 00465 00466 00468 00471 00473 00475 00477 00478 00479 00481 00482 00483 00484 00486 00487 00489 00490 00492 00494 00496 00501 00503 00504 00506 00508 00509 00510 00511 00512 00514 00516 00518 00520 00522 00523 00525 00527 00528 00530 00531 00533 00534 00535 00536 00537 00539 00540 00542 00544 00545 00547 00549 00557 00560 00561 00562 00564 00565 00566 00567 00568 00569 00571 00572 00574 00575 00583 00584 00585 00587 00589 00590 00591 00592 00593 00595 00596 00599 00600 00601 00603 00605 00610 00611 00613 00615 00616 00617 00618 00619 00622 00623 00626 00627 00629 00632 00634 00636 00638 00640 00643 00646 # 67941 others

# Thread 3: 00000 00002 00004 00005 00006 00008 00011 00012 00014 00016 00018 00020 00022 00025 00027 00029 00030 00032 00034 00035 00038 00039 00040 00041 00042 00043 00045 00046 00048 00050 00052 00055 00058 00059 00060 00062 00065 00067 00068 00070 00071 00072 00073 00074 00076 00077 00079 00080 00082 00083 00084 00086 00088 00090 00092 00094 00095 00096 00098 00101 00102 00103 00104 00105 00106 00108 00109 00110 00112 00114 00115 00117 00118 00119 00121 00122 00123 00124 00126 00128 00129 00131 00133 00135 00137 00139 00141 00143 00145 00147 00152 00153 00155 00156 00157 00158 00159 00160 00161 00164 00167 00168 00169 00171 00173 00175 00176 00178 00179 00180 00182 00183 00184 00185 00187 00189 00190 00192 00193 00194 00195 00197 00198 00200 00201 00203 00204 00206 00207 00208 00210 00211 00213 00214 00215 00217 00218 00220 00221 00222 00223 00224 00225 00227 00229 00230 00234 00235 00236 00238 00240 00242 00243 00244 00246 00247 00248 00249 00250 00252 00254 00255 00256 00257 00260 00261 00262 00263 00265 00267 00268 00270 00271 00272 00273 00278 00279 00281 00282 00283 00284 00285 00287 00288 00290 00292 00293 00294 00295 00296 00297 00299 00300 00302 00303 00307 00309 00318 00319 00320 00322 00324 00326 00328 00330 00332 00333 00335 00338 00340 00342 00344 00346 00348 00350 00351 00352 00353 00354 00355 00357 00358 00360 00362 00369 00371 00372 00374 00376 00377 00379 00381 00383 00384 00385 00387 00388 00390 00392 00395 00396 00398 00400 00401 00402 00404 00407 00409 00411 00412 00414 00416 00418 00419 00420 00421 00424 00425 00428 00429 00430 00432 00433 00435 00437 00441 00443 00445 00447 00452 00453 00455 00457 00459 00460 00461 00463 00466 00468 00470 00473 00474 00475 00477 00483 00485 00486 00487 00488 00490 00495 00497 00499 00501 00503 00504 00505 00506 00507 00509 00511 00514 00516 00518 00523 00524 00526 00527 00529 00530 00531 00532 00533 00536 00538 00540 00541 00542 00544 00553 00556 00557 00558 00560 00561 00562 00563 00564 00565 00568 00570 00572 00573 00574 00582 00583 00585 00587 00588 00589 00590 00591 00593 00594 00595 00597 00598 00599 00602 00604 00609 00610 00612 00614 00615 00616 00617 00618 00621 00622 00625 00626 00631 00633 00635 00637 00638 00641 00644 00646 00650 00652 00653 00655 00656 00657 00658 00661 00662 00664 00667 00668 00670 00672 00674 00675 00676 00682 00684 00685 00686 00687 00688 00689 00692 00693 00695 00696 00697 00698 # 62658 others 

